500.000000	50.000000	1366.186454	gct
500.000000	50.000000	57.471005	lpt
500.000000	50.000000	1394.155880	gct
500.000000	50.000000	42.008127	lpt
500.000000	50.000000	1451.108990	gct
500.000000	50.000000	39.697665	lpt
500.000000	50.000000	1483.258693	gct
500.000000	50.000000	35.677597	lpt
500.000000	50.000000	2629.553267	gct
500.000000	50.000000	37.050279	lpt
500.000000	50.000000	3586.284706	gct
500.000000	50.000000	34.519785	lpt
500.000000	50.000000	1359.313460	gct
500.000000	50.000000	37.408934	lpt
